100
4.77504063 4.52958775 -1.68987322 0.840187728
4.29167366 -2.63643599 -4.83917809 0.911647379
2.06193447 -0.361647129 0.863519669 0.277774721
6.65912151 7.23567581 0.214414597 0.364784479
1.71150208 -5.73435879 3.47675133 0.63571173
4.86682796 -5.80429459 -4.11381149 0.0163005721
-6.25905895 -5.9233532 -1.58488989 0.156679094
5.42579556 0.206918716 -4.50788975 0.998924494
0.388594627 2.20083618 -3.26349401 0.612639844
4.34172344 -3.31973124 7.56440067 0.493582994
6.26447105 -1.59634209 4.31862164 0.526744962
6.7044239 4.92359257 -2.36066628 0.283314735
-6.62310648 0.41592598 7.18923283 0.0697552785
-2.41771317 6.24372196 2.61163044 0.192213848
-6.99046659 -0.676772118 -7.67963123 0.0641713217
5.61471653 6.43532944 7.53014565 0.238279954
4.16397953 -1.99668837 0.636165619 0.266665757
-7.37151432 0.505702972 2.6835804 0.512535393
3.53523731 6.89295673 6.90936089 0.437637597
-2.33522129 2.23966122 3.8165493 0.284293413
6.08120346 -0.95832777 -5.34441328 0.687861383
6.29395866 -4.33650923 -2.71460581 0.829201102
1.41824245 7.30349159 2.98671818 0.350360185
6.78351688 -0.967041492 5.73882103 0.657304049
6.57555294 2.94749641 5.03627014 0.398436666
6.72205162 7.20403767 -4.54680061 0.482490659
-1.08874512 2.25728989 6.0969944 0.147660017
-3.08067417 4.57603359 -3.50304937 0.619596481
-3.58024502 -4.99947023 -4.3822937 0.447033584
6.5088625 -5.28628635 -1.33597946 0.556443751
4.16760349 -0.07289505 -5.98279476 0.103171185
-1.86898661 2.95112038 6.96006393 0.984751642
-4.28381538 -3.29343414 -2.10138321 0.74977088
3.71437645 -5.56176329 -4.08939648 0.584488511
3.92114258 -5.37436914 4.69552612 0.1254749
0.345013618 -7.15953159 7.20166492 0.0745297968
3.72247028 4.7647686 -4.1590023 0.176210657
4.1557579 2.23133373 7.47848225 0.65656364
-6.74828577 0.323361397 -5.84156132 0.0934804752
5.11483669 -0.617272377 -4.7255187 0.0699063987
-5.47508621 -7.16897869 4.08929348 0.573318601
-5.99250412 6.23929024 -4.73074245 0.999993563
-6.84273911 5.9286375 -7.13507891 0.997798979
-5.11404371 1.50227451 6.76910591 0.00416160887
5.1151228 6.60842705 -1.73295641 0.163131505
-0.758786678 1.27087975 0.83976078 0.359095365
4.11670113 0.492927551 -6.40575886 0.687387407
6.04182053 1.23153782 7.87565517 0.304295152
3.96484566 -7.43326569 2.06255913 0.747809291
5.29660034 5.97234154 6.80602455 0.833238542
7.73753166 6.45386124 3.90097904 0.979434133
5.28018951 -5.37651205 -0.0438637733 0.66688031
-4.03129387 2.39531136 -6.768085 0.888948739
-2.93012571 3.20991898 -4.33380842 0.629479706
2.12915516 -6.81342459 -4.29715252 0.328777045
7.54345131 0.170975685 2.41811371 0.223656416
-6.18751097 3.50829697 0.737709999 0.280042022
-0.785318851 7.10908985 1.4806385 0.471483439
-7.94829655 -1.04778719 5.56295109 0.336351126
-4.25773239 5.33189297 1.57570076 0.344942957
-3.12070894 -0.289026737 -0.272795677 0.675475955
-7.34617138 1.94916534 -5.07910728 0.712087274
2.20224285 2.78298378 3.13574028 0.413983732
2.03452587 1.74569416 -5.04604053 0.347115874
-4.76459551 3.84701538 -2.74600887 0.730729342
-3.88375235 2.45008564 2.95610428 0.920914352
6.03814316 -3.83204889 -6.59770203 0.53244096
-2.21438551 -6.21959019 -6.5001564 0.686124921
-3.3795557 2.66490555 1.49138355 0.576690495
-4.96398449 -2.7257266 -3.38592958 0.775767267
-2.69633484 5.23825836 -7.94274282 0.984363198
6.70288658 7.33819103 -1.01604795 0.18820104
2.97257233 -6.0617094 3.18520641 0.764871418
6.66036701 7.08882046 4.38837624 0.383831948
0.768672943 4.69850922 -4.74322844 0.861917138
5.98366356 6.55428696 6.47891998 0.297288448
-3.61742115 -5.39589214 1.2191925 0.498143911
5.58307457 -0.58140564 -0.121618748 0.864578962
2.94685459 -5.11326027 -3.34314728 0.495977402
-0.121252537 1.64974117 -5.77506876 0.727550268
-4.44855118 -5.14867973 3.58803177 0.838133574
-2.23291826 -5.78818464 -6.05985928 0.49852547
1.95352745 6.5357542 6.91032505 0.324806988
-2.64045286 -0.0628094673 5.09004211 0.836827755
-3.85750198 1.74212551 2.54129887 0.394327164
2.35531807 -6.27442741 -6.83928013 0.151229978
-6.54162264 -2.69782686 -3.38768768 0.363598287
-3.75261879 1.33712482 6.95191479 0.427327722
-5.48364639 -0.201169968 4.18844509 0.65874666
-4.67450237 0.283435822 2.01064491 0.883036613
-1.68978596 5.27902508 -1.18080997 0.557560623
2.21846676 3.6697607 -2.78378439 0.244326994
-5.82280636 6.36096382 -2.58811331 0.984844625
4.39017963 4.53251171 -7.91346312 0.41078794
3.53609276 5.84855747 -6.16531515 0.293678075
3.32654572 7.78347397 -0.81431818 0.0491624586
-6.49728775 5.84289932 -0.417696476 0.210882917
2.51391888 -3.1717906 -1.87366486 0.0995592996
-7.14524317 -7.17586756 -5.892766 0.809095323
-0.919036388 3.07322311 4.49389362 0.457715601
